{
 "cells": [
  {
   "cell_type": "code",
   "execution_count": 2,
   "metadata": {},
   "outputs": [],
   "source": [
    "import numpy as np\n",
    "import networkx as nx\n",
    "import os\n",
    "import dwave_networkx as dnx\n",
    "import dimod"
   ]
  },
  {
   "cell_type": "code",
   "execution_count": 3,
   "metadata": {},
   "outputs": [],
   "source": [
    "def ising_to_qubo(J):\n",
    "  n = J.shape[0]\n",
    "  Q = np.zeros((n, n))\n",
    "  # Jijsisj = Jij(2*xi-1)(2*xj-1)=4Jijxixj-2Jijxi-2ijxj\n",
    "  nnzq = 0\n",
    "  offset = 0\n",
    "  for u in range(n):\n",
    "      for v in range(u+1, n):\n",
    "         coupling = J[u,v]\n",
    "         if abs(coupling) > 0:\n",
    "          Q[u,v] = 2*coupling\n",
    "          Q[v,u] = 2*coupling\n",
    "          nnzq += 1\n",
    "          Q[u,u] -= coupling\n",
    "          Q[v,v] -= coupling\n",
    "          offset+=coupling\n",
    "  return Q, nnzq, offset\n",
    "def write_qubo(path: str, Q: np.ndarray, nnzquad: int):\n",
    "   n = Q.shape[0]\n",
    "   with open(path, 'w') as qubofile:\n",
    "      qubofile.write(f'p qubo 0 {Q.shape[0]} {Q.shape[0]} {nnzquad}\\n')\n",
    "      for u in range(n):\n",
    "          coupling = Q[u,u]\n",
    "          if abs(coupling) > 0:\n",
    "              qubofile.write(f'{u} {u} {coupling}\\n')\n",
    "      for u in range(n):\n",
    "          for v in range(u+1, n):\n",
    "            coupling = Q[u,v]\n",
    "            if abs(coupling) > 0:\n",
    "                qubofile.write(f'{u} {v} {coupling}\\n')"
   ]
  },
  {
   "cell_type": "code",
   "execution_count": 4,
   "metadata": {},
   "outputs": [],
   "source": [
    "def readgraph(path: str):\n",
    "  with open(path, mode='r') as gfile:\n",
    "    g = nx.Graph()\n",
    "    nodes, edges = [int(i) for i in gfile.readline().strip().split()]\n",
    "    elist = []\n",
    "    for line in gfile.readlines():\n",
    "      args = line.strip().split()\n",
    "      if len(args) < 2:\n",
    "        continue\n",
    "      u,v = [int(i) for i in args[0:2]]\n",
    "      u-=1\n",
    "      v-=1\n",
    "      if len(args) < 3:\n",
    "        elist.append((u,v,1.0))\n",
    "      else:\n",
    "        elist.append((u,v,float(args[2])))\n",
    "    g.add_weighted_edges_from(elist)\n",
    "    return g\n",
    "\n"
   ]
  },
  {
   "cell_type": "code",
   "execution_count": 159,
   "metadata": {},
   "outputs": [],
   "source": [
    "g = readgraph(os.environ['GSET']+'/set/G022')\n",
    "a = nx.to_numpy_array(g, nodelist=np.arange(g.number_of_nodes()))\n",
    "J = a\n",
    "Q, nnz, offset = ising_to_qubo(J)\n",
    "write_qubo('G022.qubo', Q, nnz)"
   ]
  },
  {
   "cell_type": "code",
   "execution_count": 168,
   "metadata": {},
   "outputs": [
    {
     "name": "stdout",
     "output_type": "stream",
     "text": [
      "{-5.0, 0.0, 0.0, 2.0, 0.0, 0.0, 0.0, 2.0, 2.0, 0.0, 0.0, 2.0, 0.0, 0.0, 2.0},\n",
      "{0.0, -2.0, 0.0, 0.0, 2.0, 0.0, 0.0, 0.0, 0.0, 0.0, 2.0, 0.0, 0.0, 0.0, 0.0},\n",
      "{0.0, 0.0, -2.0, 0.0, 2.0, 0.0, 0.0, 0.0, 0.0, 0.0, 0.0, 0.0, 0.0, 2.0, 0.0},\n",
      "{2.0, 0.0, 0.0, -2.0, 0.0, 0.0, 0.0, 0.0, 0.0, 0.0, 0.0, 0.0, 0.0, 0.0, 2.0},\n",
      "{0.0, 2.0, 2.0, 0.0, -5.0, 2.0, 0.0, 0.0, 0.0, 2.0, 0.0, 0.0, 0.0, 0.0, 2.0},\n",
      "{0.0, 0.0, 0.0, 0.0, 2.0, -3.0, 0.0, 2.0, 0.0, 0.0, 0.0, 0.0, 0.0, 2.0, 0.0},\n",
      "{0.0, 0.0, 0.0, 0.0, 0.0, 0.0, -3.0, 0.0, 0.0, 0.0, 2.0, 2.0, 0.0, 0.0, 2.0},\n",
      "{2.0, 0.0, 0.0, 0.0, 0.0, 2.0, 0.0, -5.0, 0.0, 0.0, 0.0, 2.0, 2.0, 2.0, 0.0},\n",
      "{2.0, 0.0, 0.0, 0.0, 0.0, 0.0, 0.0, 0.0, -2.0, 0.0, 0.0, 0.0, 0.0, 2.0, 0.0},\n",
      "{0.0, 0.0, 0.0, 0.0, 2.0, 0.0, 0.0, 0.0, 0.0, -1.0, 0.0, 0.0, 0.0, 0.0, 0.0},\n",
      "{0.0, 2.0, 0.0, 0.0, 0.0, 0.0, 2.0, 0.0, 0.0, 0.0, -2.0, 0.0, 0.0, 0.0, 0.0},\n",
      "{2.0, 0.0, 0.0, 0.0, 0.0, 0.0, 2.0, 2.0, 0.0, 0.0, 0.0, -3.0, 0.0, 0.0, 0.0},\n",
      "{0.0, 0.0, 0.0, 0.0, 0.0, 0.0, 0.0, 2.0, 0.0, 0.0, 0.0, 0.0, -1.0, 0.0, 0.0},\n",
      "{0.0, 0.0, 2.0, 0.0, 0.0, 2.0, 0.0, 2.0, 2.0, 0.0, 0.0, 0.0, 0.0, -4.0, 0.0},\n",
      "{2.0, 0.0, 0.0, 2.0, 2.0, 0.0, 2.0, 0.0, 0.0, 0.0, 0.0, 0.0, 0.0, 0.0, -4.0},\n"
     ]
    }
   ],
   "source": [
    "for q in Q:\n",
    "  print('{', end='')\n",
    "  for qi in q[:-1]:\n",
    "    print(qi, end=', ')\n",
    "  print('%.1f},' % (q[-1]))"
   ]
  },
  {
   "cell_type": "code",
   "execution_count": 104,
   "metadata": {},
   "outputs": [
    {
     "data": {
      "text/plain": [
       "-46.0"
      ]
     },
     "execution_count": 104,
     "metadata": {},
     "output_type": "execute_result"
    }
   ],
   "source": [
    "spins = np.random.choice([-1,1], 800)\n",
    "0.5 * (spins.transpose() @ J @ spins)"
   ]
  },
  {
   "cell_type": "code",
   "execution_count": 105,
   "metadata": {},
   "outputs": [
    {
     "data": {
      "text/plain": [
       "-46.0"
      ]
     },
     "execution_count": 105,
     "metadata": {},
     "output_type": "execute_result"
    }
   ],
   "source": [
    "x = (spins + 1) / 2\n",
    "x.transpose() @ Q @ x + offset"
   ]
  },
  {
   "cell_type": "code",
   "execution_count": 122,
   "metadata": {},
   "outputs": [
    {
     "data": {
      "text/plain": [
       "array([[-1.88168677,  1.80961813, -0.27845159,  1.90996079, -1.39662361,\n",
       "         0.06727913,  0.37755264,  0.3047176 , -0.58439034, -1.6030421 ,\n",
       "        -1.70281505,  1.64168758,  1.03318305,  1.80944109,  0.43424397,\n",
       "        -1.94067449],\n",
       "       [ 1.80961813, -0.29952201, -0.53524311, -0.32635377, -1.54477708,\n",
       "        -1.88672698,  0.93962561, -0.96053254,  1.88866038,  0.27354911,\n",
       "         0.28285362, -2.        ,  1.45269118,  1.60290483, -0.86729799,\n",
       "         0.17055064],\n",
       "       [-0.27845159, -0.53524311, 11.94870473, -0.79992883, -0.67204552,\n",
       "        -0.69539519, -1.42925913, -0.64619993, -1.30965022, -1.23260744,\n",
       "        -1.17921149, -0.25695846, -0.67106778,  0.06258753, -1.48803437,\n",
       "        -0.8172392 ],\n",
       "       [ 1.90996079, -0.32635377, -0.79992883,  3.95513539, -1.00342603,\n",
       "        -1.65478078, -1.98585252,  0.93546873, -1.33456827, -1.03426197,\n",
       "         0.9917478 , -0.0849514 , -1.34958485,  0.83900461, -0.89196336,\n",
       "         1.83435444],\n",
       "       [-1.39662361, -1.54477708, -0.67204552, -1.00342603,  7.32967293,\n",
       "         0.41435318, -1.13559532, -1.77003365,  1.11452264,  0.50431767,\n",
       "        -0.58810718, -0.97320189,  0.44358047, -0.2015431 ,  0.34291963,\n",
       "        -0.86401314],\n",
       "       [ 0.06727913, -1.88672698, -0.69539519, -1.65478078,  0.41435318,\n",
       "         5.07600547, -0.30900374,  1.3863243 , -0.02709427, -1.7316719 ,\n",
       "        -1.62863246,  0.14112699,  0.36684765,  0.39747741,  0.29578441,\n",
       "        -0.21189321],\n",
       "       [ 0.37755264,  0.93962561, -1.42925913, -1.98585252, -1.13559532,\n",
       "        -0.30900374,  5.4376851 , -0.23556416,  1.62963275, -1.12571393,\n",
       "        -0.89680481,  0.37843716, -1.21938114,  0.96365304, -1.90438511,\n",
       "         0.51497356],\n",
       "       [ 0.3047176 , -0.96053254, -0.64619993,  0.93546873, -1.77003365,\n",
       "         1.3863243 , -0.23556416,  4.65419554,  1.00804724,  0.1815438 ,\n",
       "        -0.28949968, -1.7318212 , -1.63406769,  0.78814611, -0.95766435,\n",
       "        -1.03306011],\n",
       "       [-0.58439034,  1.88866038, -1.30965022, -1.33456827,  1.11452264,\n",
       "        -0.02709427,  1.62963275,  1.00804724, -5.50623385,  1.41999875,\n",
       "         2.07024254, -0.08203003, -1.29031762, -0.09930586,  0.41417297,\n",
       "         0.68831318],\n",
       "       [-1.6030421 ,  0.27354911, -1.23260744, -1.03426197,  0.50431767,\n",
       "        -1.7316719 , -1.12571393,  0.1815438 ,  1.41999875,  8.02528301,\n",
       "        -0.4704607 , -0.58295814,  0.70426362, -1.39092481, -0.61345419,\n",
       "        -1.32386079],\n",
       "       [-1.70281505,  0.28285362, -1.17921149,  0.9917478 , -0.58810718,\n",
       "        -1.62863246, -0.89680481, -0.28949968,  2.07024254, -0.4704607 ,\n",
       "         4.53430177, -1.34254415, -0.42550003,  2.16646488, -1.89023226,\n",
       "         0.36819721],\n",
       "       [ 1.64168758, -2.        , -0.25695846, -0.0849514 , -0.97320189,\n",
       "         0.14112699,  0.37843716, -1.7318212 , -0.08203003, -0.58295814,\n",
       "        -1.34254415,  1.56077406,  2.16778868,  0.93329407, -1.40013122,\n",
       "         1.63148794],\n",
       "       [ 1.03318305,  1.45269118, -0.67106778, -1.34958485,  0.44358047,\n",
       "         0.36684765, -1.21938114, -1.63406769, -1.29031762,  0.70426362,\n",
       "        -0.42550003,  2.16778868,  4.51802885, -1.88530958, -1.22117201,\n",
       "        -0.9899828 ],\n",
       "       [ 1.80944109,  1.60290483,  0.06258753,  0.83900461, -0.2015431 ,\n",
       "         0.39747741,  0.96365304,  0.78814611, -0.09930586, -1.39092481,\n",
       "         2.16646488,  0.93329407, -1.88530958, -7.34596955,  0.65176218,\n",
       "         0.70831716],\n",
       "       [ 0.43424397, -0.86729799, -1.48803437, -0.89196336,  0.34291963,\n",
       "         0.29578441, -1.90438511, -0.95766435,  0.41417297, -0.61345419,\n",
       "        -1.89023226, -1.40013122, -1.22117201,  0.65176218, 10.6109322 ,\n",
       "        -1.51548048],\n",
       "       [-1.94067449,  0.17055064, -0.8172392 ,  1.83435444, -0.86401314,\n",
       "        -0.21189321,  0.51497356, -1.03306011,  0.68831318, -1.32386079,\n",
       "         0.36819721,  1.63148794, -0.9899828 ,  0.70831716, -1.51548048,\n",
       "         2.78001007]])"
      ]
     },
     "execution_count": 122,
     "metadata": {},
     "output_type": "execute_result"
    }
   ],
   "source": [
    "Q"
   ]
  },
  {
   "cell_type": "code",
   "execution_count": 120,
   "metadata": {},
   "outputs": [],
   "source": [
    "bqmtest = dimod.BQM.from_qubo(Q)"
   ]
  },
  {
   "cell_type": "code",
   "execution_count": 171,
   "metadata": {},
   "outputs": [
    {
     "data": {
      "text/plain": [
       "SampleSet(rec.array([([1, 0, 0, 0, 1, 0, 0, 0, 0, 0, 1, 0, 1, 1, 0], -17., 1),\n",
       "           ([0, 1, 1, 0, 0, 1, 0, 0, 1, 1, 0, 1, 1, 0, 1], -18., 1),\n",
       "           ([0, 0, 1, 0, 0, 1, 0, 0, 1, 1, 1, 1, 1, 0, 1], -18., 1),\n",
       "           ([0, 0, 1, 0, 0, 1, 0, 0, 1, 1, 1, 1, 1, 0, 1], -18., 1),\n",
       "           ([0, 0, 1, 0, 0, 1, 0, 0, 1, 1, 1, 1, 1, 0, 1], -18., 1),\n",
       "           ([1, 1, 1, 0, 0, 1, 1, 0, 0, 1, 0, 0, 1, 0, 0], -17., 1),\n",
       "           ([0, 0, 1, 0, 0, 1, 0, 0, 1, 1, 1, 1, 1, 0, 1], -18., 1),\n",
       "           ([1, 0, 0, 0, 1, 0, 1, 0, 0, 0, 0, 0, 1, 1, 0], -18., 1),\n",
       "           ([1, 0, 0, 0, 1, 0, 1, 0, 0, 0, 0, 0, 1, 1, 0], -18., 1),\n",
       "           ([0, 1, 1, 0, 0, 1, 0, 0, 1, 1, 0, 1, 1, 0, 1], -18., 1)],\n",
       "          dtype=[('sample', 'i1', (15,)), ('energy', '<f8'), ('num_occurrences', '<i8')]), Variables(range(0, 15)), {}, 'BINARY')"
      ]
     },
     "execution_count": 171,
     "metadata": {},
     "output_type": "execute_result"
    }
   ],
   "source": [
    "sampler = dimod.SimulatedAnnealingSampler()\n",
    "sampler.sample_qubo(Q)"
   ]
  },
  {
   "cell_type": "code",
   "execution_count": 169,
   "metadata": {},
   "outputs": [],
   "source": [
    "bitstr = '000110011011011'.replace(', ', '')"
   ]
  },
  {
   "cell_type": "code",
   "execution_count": 170,
   "metadata": {},
   "outputs": [
    {
     "data": {
      "text/plain": [
       "17"
      ]
     },
     "execution_count": 170,
     "metadata": {},
     "output_type": "execute_result"
    }
   ],
   "source": [
    "x = np.array([int(i) for i in bitstr])\n",
    "s = [i for i,c in enumerate(bitstr) if c == '1']\n",
    "nx.cut_size(g, s, weight='weight')"
   ]
  },
  {
   "cell_type": "code",
   "execution_count": 145,
   "metadata": {},
   "outputs": [
    {
     "data": {
      "text/plain": [
       "-672.0"
      ]
     },
     "execution_count": 145,
     "metadata": {},
     "output_type": "execute_result"
    }
   ],
   "source": [
    "x.transpose() @ Q @ x"
   ]
  },
  {
   "cell_type": "code",
   "execution_count": null,
   "metadata": {},
   "outputs": [],
   "source": []
  }
 ],
 "metadata": {
  "kernelspec": {
   "display_name": "Python 3",
   "language": "python",
   "name": "python3"
  },
  "language_info": {
   "codemirror_mode": {
    "name": "ipython",
    "version": 3
   },
   "file_extension": ".py",
   "mimetype": "text/x-python",
   "name": "python",
   "nbconvert_exporter": "python",
   "pygments_lexer": "ipython3",
   "version": "3.10.6"
  }
 },
 "nbformat": 4,
 "nbformat_minor": 2
}
